 13 54   4 3  3  111  1 1
   4  5   7   6 6        
 133 3  335344 9  2 2   1
    64 3            4 3  
 1    3   5    8 6 7 7 4 
  44 4  5    3  4   7   0
2    2 2 1 3  5     7    
   65   3     476 7  8   
3  6     034      7     4
  46431   3   7  9 7  79 
2  5        7 6  6 5     
 5  4   8   6       44  3
2  53669 663  2   211    
2 2     7 74    76   23 3
    5   6 6     66 1  3  
4 5 4  5    7 6      13 3
5     56    78 6    3   4
  3 4 78 3 4  78 897  5 5
   5 67652  4 7  9  77  3
 1 6  56  1  6  99   9   
  3 6   4 3 5  76   99   
3   4667 3 3 55644     4 
4 44 4  6   3 543 24 55  
  6   3  5   344 32    32
 3 44      3       2  2  
