2    4  33 2 0    1 3     02  
  20   5     22 00    3 0    4
4 4 1 77 5  23  2 44 3 3 0  6 
 55    674    3 4 65       5 2
1 45        4  3  7  4 10     
0     56  34  4  5  4    034  
  4   56           44 3201   4
 46  2  45 3 555333  4 3     4
   33    5  46    6544 4 4 64 
    3  0  4 466  44  5 44 6   
3 4420 2       6    6 4  6 3 0
4  3   34 7  4   76 5    43  0
      556 8 5  77 87 44    0  
 3   654   9    8 7  5 3 0 0  
  33     6 7 5 5 7 5 53 1 0  3
 1 35 33 55   5 6            4
2 4  33  42      3     5 4   4
2 446 333   57853  5 3   445  
 33          67   5 234    6  
  3 68 6  444    453    55 54 
 2   77 754   5 6    34 5 6 64
   466 7 7  4    421   5     5
   5   5  555   4     7  1  3 
1 2 55 5 66   3      66 4  1  
2 3     776 34 5344 6   5   10
 1 3  667765  3  6 443   76   
2 2  77     343 343 33  46 6  
    67 4 5 5 5 5 5    2   5431
1  2    6  66  44 01    1  3  
     5 666  6  5 1  2   0  0  
 42   566 6   45 33 4 2 0 1 0 
  3 23 6 6 3 45 555 55  3 22  
4  4    67 3  566 45  4      1
  54  2 6 4  6 76 4    78     
 46  2 55656 56     7  5  77 3
  4 5  4  6666 875 78   89876 
0 3  66 6 555 7 765   3 78 7 3
   45 7 6 5   7 7 6 66 5 7    
  2 3         45              
0   0  5  4 0    33 3 55 3  0 
